% $Id: us_data.m,v 1.1 2020/03/27 16:31:45 jrothwei Exp jrothwei $
function d = us_data()
  d = [ ...
2020,01,21,1,0; ...
2020,01,24,2,0; ...
2020,01,25,3,0; ...
2020,01,26,5,0; ...
2020,01,30,6,0; ...
2020,01,31,7,0; ...
2020,02,01,8,0; ...
2020,02,02,11,0; ...
2020,02,05,12,0; ...
2020,02,20,14,0; ...
2020,02,26,15,0; ...
2020,02,27,15,0; ...
2020,02,28,19,0; ...
2020,02,29,24,1; ...
2020,03,01,42,2; ...
2020,03,02,57,6; ...
2020,03,03,85,9; ...
2020,03,04,111,11; ...
2020,03,05,175,11; ...
2020,03,06,252,14; ...
2020,03,07,353,19; ...
2020,03,08,497,21; ...
2020,03,09,645,26; ...
2020,03,10,936,31; ...
2020,03,11,1205,37; ...
2020,03,12,1598,41; ...
2020,03,13,2163,49; ...
2020,03,14,2825,56; ...
2020,03,15,3501,62; ...
2020,03,16,4373,75; ...
2020,03,17,5662,96; ...
2020,03,18,8074,122; ...
2020,03,19,12018,174; ...
2020,03,20,17438,229; ...
2020,03,21,23710,296; ...
2020,03,22,32341,405; ...
2020,03,23,42752,516; ...
2020,03,24,51825,670; ...
2020,03,25,64661,929; ...
2020,03,26,81783,1147 ...
]
end
